Flow 	 Preci 	 Evatr 	 ShiftFac
1932.82296116167	1.8012121825437672	3.1904126590684516	1.0
702.0131198274958	3.0216616628778548	2.299309585623107	0.9998333333333334
557.7476727560921	1.7711007879745673	4.185089914226044	0.9996666666666667
298.7288398859843	3.5385838050305054	3.8238681199027136	0.9995
19.194398382123115	2.374030038834139	2.6018980716666302	0.9993333333333333
-1.5455435394530679	5.255903084800801	3.315940665791131	0.9991666666666666
3.172432340260441	2.2470135593006004	6.346719102258283	0.999
109.86617563348113	2.3839482600726853	4.414781082335297	0.9988333333333334
39.96307769547835	2.1987111991580184	2.1152115511806415	0.9986666666666667
39.000801523278426	2.025799882095949	3.3018503423571413	0.9985
255.25725254152866	3.30315954111188	1.0196655972041877	0.9983333333333333
768.07794975582	4.2636701172263995	2.5812977216484496	0.9981666666666666
589.229812610002	2.9737474957120784	2.518941857991692	0.998
500.528978981789	4.0985333826020405	3.0289734143504226	0.9978333333333333
331.8208504706184	2.7756105246752183	0.32565000012813267	0.9976666666666667
1019.1986293336317	2.799635459078418	2.1950137900508744	0.9975
-1.7557176262738512	3.6936977928189583	2.583362962470335	0.9973333333333333
30.138709283801735	3.054271401691045	3.4024808216478735	0.9971666666666666
226.96699534279162	3.6390867826708098	2.148119343314554	0.997
82.85091477191143	0.7208773657866107	4.032216539786384	0.9968333333333333
16.43283119303828	1.889745122754865	2.985673062214609	0.9966666666666667
756.3850991300246	2.3448629437640762	3.705370896912979	0.9965
296.01723015389524	3.5357274801203995	1.0463317870828526	0.9963333333333333
796.6062123545979	2.1811236468717317	4.479013809612985	0.9961666666666666
2089.9734429679747	5.037271052120001	0.947814376566301	0.996
2882.5178559322376	3.0096708076582233	4.090142685358912	0.9958333333333333
738.3530441301901	4.547330266645076	1.473400537125757	0.9956666666666667
1450.558678588928	4.359731132431916	1.6557195036370547	0.9955
1482.005244194779	3.696862139359649	2.813282411953021	0.9953333333333333
-2.4199147178030476	2.693595020697695	3.730429638471371	0.9951666666666666
135.8343555346469	5.569519826336256	1.9321872853217135	0.995
96.45452242273792	0.537137792793897	2.8399198140739963	0.9948333333333333
35.46570759766369	2.5149851770251015	1.9951137678680724	0.9946666666666667
913.9774234190368	4.895341394339393	1.313890582820112	0.9945
2643.5395733326045	4.4520103411615874	1.1443439267741071	0.9943333333333333
1186.2651075665551	2.3505301676999157	3.938060208707556	0.9941666666666666
2560.7492802270785	1.919917492066122	1.6962644069732649	0.994
309.96902474614274	2.996690722240312	2.9535907300416784	0.9938333333333333
1004.195744921361	3.638327577703074	3.3849693951478415	0.9936666666666667
154.36667975400061	2.8041594311599907	1.7424547929707557	0.9935
883.9069757329896	3.6954712441458897	7.146172524784804	0.9933333333333333
914.8511773304796	4.660883114055199	3.287972465877378	0.9931666666666666
148.53664512781233	2.354244200160344	2.6461262281192073	0.993
393.89726305984624	6.0795113671511505	2.884557408294346	0.9928333333333333
1563.9267847559427	2.8492543142283417	1.5424315998967402	0.9926666666666667
499.4457691407529	3.34355073460593	3.7536439443563743	0.9925
243.1558796574056	2.697483571761075	3.4131885692723714	0.9923333333333333
1867.3735321965628	3.449503349031775	3.654664848631625	0.9921666666666666
551.9997995981265	2.858647122729508	1.9730364837822105	0.992
3412.6241674018383	2.172904204190508	2.3217730412767144	0.9918333333333333
1386.0496538331429	2.2321756798330727	3.9883929354166323	0.9916666666666667
340.7747275119301	3.0147276475337823	3.0114157923467575	0.9915
1852.2239736848128	2.684660399841692	2.6361580077883313	0.9913333333333333
5.255962211751472	3.2271012543314566	3.283796303341694	0.9911666666666666
480.11137224760796	3.9203076265440018	6.283437398457115	0.991
189.78317660199664	0.6303336348669498	2.1790942985503814	0.9908333333333333
961.072544663416	2.579672517851609	-0.03809504747928011	0.9906666666666667
64.59200411707414	2.5641008896388864	3.300879937866362	0.9905
123.15757076975332	1.897852928034778	4.372287254551935	0.9903333333333333
1666.3165890745909	1.4106647676107777	0.669025408357716	0.9901666666666666
277.56443344388254	2.264884437552673	2.5267983827064104	0.99
1559.4719682177035	4.410638142268133	3.79113490615095	0.9898333333333333
1067.9930660544294	2.7728250084395683	0.3973736424319285	0.9896666666666667
41.92193942909621	5.061755281593344	4.592664767083653	0.9895
26.59183428554995	2.692990832400162	2.8544449393180504	0.9893333333333333
28.910119261552687	5.422326129251844	1.6906909435351025	0.9891666666666666
449.4620790885042	2.4367398639434454	3.243464491368397	0.989
102.5028036120303	4.337724255897559	2.0626324955140607	0.9888333333333333
145.89911061015428	2.8570161291137475	0.26387163578280276	0.9886666666666667
276.52573189735637	4.848422065219505	1.9501503073044577	0.9885
199.02550330690437	1.858272981979231	0.48789431859949994	0.9883333333333333
168.91941813396767	2.7925184620702588	2.3368420737508555	0.9881666666666666
788.8710745473982	2.2871697158212885	0.03780606392058304	0.988
242.53556509744993	1.9150390734443792	3.827098210434744	0.9878333333333333
550.613590046259	3.6494673866578657	0.6258324444875383	0.9876666666666667
439.0674935012802	2.7913998851023267	2.9781540131025874	0.9875
1142.1951868870535	5.087542464166772	2.3799184539389677	0.9873333333333333
1203.2299202334345	3.2317642892073444	2.5639305937609604	0.9871666666666666
222.3003257141846	2.493801408420405	5.977918998945014	0.987
376.9014478954554	2.509493199617192	1.5546928429081905	0.9868333333333333
1222.3367605436856	1.6914186366170372	1.977787249885571	0.9866666666666667
91.48568651199068	4.133930500863433	3.126622067992821	0.9865
1087.1885668658276	1.8094388064379663	3.68184012260087	0.9863333333333333
331.9367210436194	3.977456312289313	2.1921376427410246	0.9861666666666666
1949.319888439241	2.1974913432565875	3.272594760418846	0.986
963.9430096821344	4.214507619392444	2.4224409974761056	0.9858333333333333
177.2546950094141	4.742688467383958	3.4314340702958286	0.9856666666666667
1557.7636522485607	3.5270094484017225	3.7740967972802943	0.9855
210.31946392766895	4.324324928320446	7.806240617803825	0.9853333333333334
34.33069797827698	3.047675932537229	3.436874885357005	0.9851666666666666
46.68054641191732	5.551331883341447	1.8971260347317025	0.985
4.3256943568755695	3.878038051462416	1.5601591806050883	0.9848333333333333
74.95495631291519	2.6720217779451496	0.006033364244148527	0.9846666666666667
18.531212180381164	3.5634638642702896	1.6951634858219056	0.9845
138.84924511148378	3.478151533782734	2.9731890748210716	0.9843333333333333
150.29268970271883	2.209752420566174	2.332051780487882	0.9841666666666666
329.30467491054367	3.7670768726291834	2.4556237056363024	0.984
962.7206938549912	2.4418553700433034	3.019457911711194	0.9838333333333333
2439.1101706427826	1.2099051300713377	3.5055762505044337	0.9836666666666667
1477.4948851655004	2.776577000126114	1.8807027727505108	0.9835
55.09011811028189	2.2744374532367124	2.5963858811412095	0.9833333333333334
-6.001881061458919	2.524037448446263	1.023450712767361	0.9831666666666666
263.75314464216746	3.148681735401158	5.417473058203297	0.983
82.50968838374332	3.969904495488382	0.2421844741612728	0.9828333333333333
0.5020099420935377	4.196312853103046	3.5172799362456275	0.9826666666666667
83.6086067731279	3.2543838357603803	2.197581962943059	0.9825
719.976112141889	3.4293595490715245	2.12005925223674	0.9823333333333333
758.8550757361718	4.756713552186931	3.6478237422763025	0.9821666666666666
567.8575753256281	3.7003942442694706	0.09320338651637998	0.982
864.0962534553291	4.265200669405122	3.9986026480471546	0.9818333333333333
467.2106089287771	2.0668482805576485	2.3376004229375953	0.9816666666666667
43.554084835170336	3.9989681353535005	3.8026733572695606	0.9815
339.1229571825232	3.6566750813461644	2.774048733665429	0.9813333333333334
868.3690622013963	3.9206219259947535	3.3508040082799773	0.9811666666666666
91.76102513804685	5.353636302146565	5.639575637511342	0.981
-16.080039468166287	0.6231748762851249	3.387640470297803	0.9808333333333333
66.23375999401794	2.4955688443968835	2.268980318938389	0.9806666666666667
672.6487795809358	3.6873962658711656	3.4471792601904054	0.9805
233.87959851641818	3.8234760814537325	2.8990394801184505	0.9803333333333334
552.948884516147	4.043337327663136	2.9335141471285886	0.9801666666666666
584.564381895186	2.7450349564225176	1.1603557299954417	0.98
550.5506312537003	4.21418293263419	1.2721928073371724	0.9798333333333333
127.10049640700605	3.6856794841484017	1.283488282500871	0.9796666666666667
263.51828511385986	2.4948121554437384	4.32837285093546	0.9795
46.652940551991826	3.685586603681555	2.8384591255041687	0.9793333333333334
170.17267783411546	2.699339376024336	3.2699516626368954	0.9791666666666666
-15.56467754116311	2.1786594277907247	2.6516900828533334	0.979
82.58762002603783	5.398097386879064	6.05448123964482	0.9788333333333333
68.48013439122604	2.8221327203911932	2.258699652202911	0.9786666666666667
88.96401822818848	3.9930350140865754	1.9945489349560592	0.9785
90.82797613063211	2.7313449154055087	0.13689631132657998	0.9783333333333334
320.52900572848887	2.211746433874419	0.6488475174109558	0.9781666666666666
2198.720666761401	1.9124817279932809	2.4468669139852492	0.978
1025.8542959591505	2.6673557852684833	5.424621936938577	0.9778333333333333
1090.6180538289514	2.618613941745384	1.0660172612933552	0.9776666666666667
168.63245833058247	3.2479199313806624	1.673718092800657	0.9775
52.068467937879575	2.979254591055222	2.9970400643467734	0.9773333333333334
845.7772031630312	3.0239099656518045	3.3123368295525224	0.9771666666666666
546.6439069377471	3.1607110380156844	3.0715167432110704	0.977
11.646624939754215	3.6682113211806295	0.12328529430347834	0.9768333333333333
182.14881949280553	2.6744303669301983	3.101798451372274	0.9766666666666667
0.889710180352892	1.9171258181114397	2.7445078661879165	0.9765
346.73267355749783	4.174221354363046	3.7544910425332043	0.9763333333333334
837.1694036653236	1.5666424232029357	2.302411527301069	0.9761666666666666
557.7099620843153	3.1055226483787686	0.4698099514234503	0.976
923.928947649715	5.084315664740759	3.7483921225548333	0.9758333333333333
136.12678825111854	2.5540398098273966	0.71179291537552	0.9756666666666667
1559.6464595314212	3.6831520846813657	4.809769335399866	0.9755
308.0576953096557	3.6677841154078386	2.579028661399255	0.9753333333333334
18.673271903181742	3.275992302317944	2.857383777963628	0.9751666666666666
58.202741571001866	4.2446625825996795	6.420532712689722	0.975
5368.97110133828	3.9512665568743426	3.358678023618806	0.9748333333333333
77.29999181112558	4.19664322935361	3.4842571097441684	0.9746666666666667
0.2883096296085298	4.796142643913015	2.2035900551439074	0.9745
1507.2727113124233	3.49362657400483	1.1492616908004334	0.9743333333333334
336.2879092587164	2.781716397161753	3.2334521970594445	0.9741666666666666
595.2557749300438	2.3906054046038188	1.4346137959205867	0.974
1917.1403514563226	3.162789524615572	2.416118928626252	0.9738333333333333
645.9645058541731	2.797047265956379	1.0831455537575008	0.9736666666666667
324.5634944684267	2.121877299644116	1.5579136447123814	0.9735
8.156787963546554	2.6612546074546635	2.5617954933493987	0.9733333333333334
192.630944734997	4.344601448729968	1.2382653576738174	0.9731666666666666
-27.260161024352726	4.140478718038417	3.1513877344694134	0.973
201.01911217109122	5.821733055305296	2.8764889879270044	0.9728333333333333
48.74417913112222	3.9495515697568297	3.519212702374405	0.9726666666666667
301.0269788159052	1.4840834969328327	1.023567448612853	0.9725
905.2605619113142	1.7904549772575844	1.5050334761847906	0.9723333333333334
821.7162019845827	3.831186293617956	2.2503033100291177	0.9721666666666666
593.42995208859	2.126379819851421	2.5375505034932893	0.972
1085.5257517714842	1.9079067769639884	1.4436576903883076	0.9718333333333333
143.13600583114552	2.276635928759067	2.654861858009632	0.9716666666666667
131.24122375187903	2.894105654523301	4.276139874826386	0.9715
60.96265580925728	2.5669888942543087	2.5547648115645094	0.9713333333333334
248.05328168492798	2.5665387206775976	3.3106288647688467	0.9711666666666666
-7.921108288066987	4.314100584548473	3.533203119083408	0.971
139.72492962194664	4.878352759129504	2.055914121997288	0.9708333333333333
24.559665723398883	2.6050423712013013	1.3281369546016046	0.9706666666666667
74.54326221101059	4.278768646105334	1.0314676621765058	0.9705
121.86453632066464	4.093661158141019	3.0839191509021235	0.9703333333333334
729.0412233828285	4.808729257867944	2.5878895061888256	0.9701666666666666
244.2571187931856	1.9163075588884937	2.4772413705047596	0.97
3698.7461354700285	3.0074051818636924	3.8387743034274537	0.9698333333333333
589.0025283550848	1.1066614488977164	1.8607536931053164	0.9696666666666667
134.40044863413976	3.9129132256780177	0.8224796956830946	0.9695
8.099717057176756	3.439064475255688	6.451247099840656	0.9693333333333334
27.96419941356346	3.350194124383151	3.3088555037115768	0.9691666666666666
31.213673552762668	5.4661972015142535	6.3418171107549215	0.969
12.171291183955743	6.1548903593152176	1.054116078278498	0.9688333333333333
-14.753499260726871	2.6741048107270484	1.2189704681989357	0.9686666666666667
401.586646152679	4.798353209407374	0.44537620347016715	0.9685
642.4058284272276	2.715256523244582	2.992350850550076	0.9683333333333334
324.70064384113385	4.082758895826657	0.9632897487281965	0.9681666666666666
1415.5167815624354	1.8403132456060791	3.3176818457035684	0.968
2899.0643462017524	6.298435330002579	-0.013533380908207005	0.9678333333333333
1549.65339805626	3.6651668545233913	2.59992595208404	0.9676666666666667
219.30800895608112	4.720307219104641	2.8276939267335717	0.9675
1926.3319090910695	4.5005832483083905	4.37682437594858	0.9673333333333334
1084.6334981154355	2.8243378636558676	7.263806323743704	0.9671666666666667
32.352774721701145	3.3420606751975224	6.61471511956135	0.967
9.51308827877507	5.166659228585977	1.705650293749865	0.9668333333333333
21.396988430204516	2.200118274909865	2.372785330112018	0.9666666666666667
443.2528449109978	2.955271576380808	3.849287044773157	0.9665
734.1689797706199	1.8546584541089506	0.3558881735034762	0.9663333333333334
764.4615030329421	4.633833981823989	1.5491229232200807	0.9661666666666666
232.2860479996238	2.5912262475915364	2.433999654607531	0.966
1090.9321315019638	4.307589940980358	-0.007383765453246441	0.9658333333333333
416.7426707208268	4.979537624520201	1.785305066536881	0.9656666666666667
149.8045973030477	3.1069706778844384	3.1075640289398008	0.9655
123.70107863596684	5.111096920371555	2.567356110350323	0.9653333333333334
-1.193301741214722	2.465023033517481	5.108317397014314	0.9651666666666667
447.115746107971	5.349939720564137	5.712419944480978	0.965
-33.990268552495984	2.246885754165149	1.7023460387565188	0.9648333333333333
1217.0099873689592	2.7409736819981596	1.3381832007622878	0.9646666666666667
51.15129253716875	1.552742751471164	0.9617234095225053	0.9645
298.32328699941655	3.818598084447659	3.3256487952750575	0.9643333333333334
832.1319224959778	1.8459472686858283	3.9978789624305495	0.9641666666666666
591.7407288728485	2.5121454715717864	1.8910792808104397	0.964
3180.8997991675633	2.6421851762251776	2.9287995024333227	0.9638333333333333
2627.2326383139734	2.661014281261133	3.082045434070507	0.9636666666666667
1403.8286217435686	5.479793574319016	3.7856752409585583	0.9635
80.24629643880799	2.187658203333009	2.992267201007129	0.9633333333333334
813.556565455969	3.0861220009064385	3.26352991513976	0.9631666666666667
-0.6656662255671519	2.9348681841430997	2.154176639505728	0.963
-4.96585386192992	2.3863834909086394	0.8935622381311684	0.9628333333333333
22.16174859069678	3.4563607738300957	2.0535432520483465	0.9626666666666667
191.33378468958156	2.4025207696971544	1.0407086731371515	0.9625
1948.7114916834444	2.4791176165173576	1.1218861494868364	0.9623333333333334
589.9204104059505	2.040536555416021	3.972450610061991	0.9621666666666667
339.3487849909949	1.8634804235241893	1.9449101433464369	0.962
2332.1582993598263	1.6382196515751533	-0.014028951154769268	0.9618333333333333
1705.7335786437284	4.472428715575002	2.8468554486841735	0.9616666666666667
116.94317461803894	3.5542044076797095	1.6203663816865599	0.9615
335.47477975972436	2.3553730576361143	3.2698045033421357	0.9613333333333334
2.1722462035970898	3.967101148874206	3.442492560021813	0.9611666666666667
-26.38428860513755	3.0228424413060804	1.9429040188187614	0.961
401.00300044973864	2.4002423342192483	0.7659384604548856	0.9608333333333333
-1.744995178415576	2.9154477908048344	0.8261666524431147	0.9606666666666667
274.89342891474445	3.0072349983167963	1.3366493317503652	0.9605
646.5912995313763	1.7365916033813087	3.5071197893961736	0.9603333333333334
1043.8646131813343	4.789654475742813	1.17297787870582	0.9601666666666667
2037.5357083083861	1.7806516002654615	3.379032716557593	0.96
3370.877978591172	3.1192522669775604	0.21705369375592956	0.9598333333333333
895.0900966089266	1.0225955715171444	1.1008084898170352	0.9596666666666667
136.41761896092518	4.450310736348933	2.9150681870269546	0.9595
332.24038306750765	1.7053362786558972	2.2483678796011213	0.9593333333333334
34.4033819032311	2.3880122798655656	2.5683188349392094	0.9591666666666667
780.5670563674879	2.7968901781521223	2.1338175702843527	0.959
-21.40624683877067	1.9979387204410826	1.1135262861710813	0.9588333333333333
136.87246529248148	2.9457701671996133	3.5163208193949984	0.9586666666666667
1044.185967736019	1.100509090879406	4.049904287170548	0.9585
649.2535173905287	3.397905429515544	1.032341109762055	0.9583333333333334
838.2562052721803	3.5967572722758114	0.8322847075146755	0.9581666666666667
358.0054168813398	1.7683997772526012	3.313761173847914	0.958
1922.8343489193282	3.004712483443205	4.341572635837539	0.9578333333333333
396.1504265497098	3.696813491062162	0.5795009530899524	0.9576666666666667
926.3219184787738	4.930673338737308	2.862302492615478	0.9575
268.9703283475971	2.8850748530471613	2.192641267211448	0.9573333333333334
36.00183808790704	4.569706325803787	3.1654950057423923	0.9571666666666667
32.78879676421704	3.0521996550017594	1.9125720928464964	0.957
-37.88865662665225	5.0035939553887765	3.377046422222221	0.9568333333333333
76.36745974583971	4.348856217931668	0.701707895713549	0.9566666666666667
55.37693193804523	2.057574657747471	1.868233692312297	0.9565
65.37957153407103	3.8171434119147993	5.094165011969409	0.9563333333333334
1629.340031307373	3.0778919849663366	1.0902990282358445	0.9561666666666667
1101.5216804052366	3.04044489985618	3.2655232621416994	0.956
915.3231652028048	2.9599478911636585	3.794012182595571	0.9558333333333333
2013.4407130070608	3.3282651217295265	3.340706554431055	0.9556666666666667
234.2594078862688	3.2331776971000927	2.7412877824733974	0.9555
1381.1104216702038	2.4646516141255685	3.1427931639326285	0.9553333333333334
179.6946013893286	3.240862214146166	3.306217386519631	0.9551666666666667
245.62854292663286	2.2516873401708177	3.1756704534986637	0.955
338.9024321547608	5.824988512947988	2.200578448703523	0.9548333333333333
37.52841359395474	2.608547993265226	1.0208683230537474	0.9546666666666667
139.8356507892112	3.631966691133428	3.313947073922317	0.9545
677.3839276350234	1.8612373348169402	0.963379130126458	0.9543333333333334
783.144743811994	4.825881203851401	2.5098364989456603	0.9541666666666667
1999.7789800826451	4.136815287761533	0.9313103432691373	0.954
3611.7788317138247	6.105785706694806	5.669132250340898	0.9538333333333333
1221.5455271355165	3.1070186512330302	5.195084332802269	0.9536666666666667
221.13933228780377	3.5678744168217924	2.720533133135244	0.9535
1280.3645069286356	2.40932007206533	6.4685650177983876	0.9533333333333334
56.88029061563926	2.5018073930287335	3.305227792052338	0.9531666666666667
144.66030398898823	4.641695718623146	2.1684337450423747	0.9530000000000001
106.17356805109655	6.743316138464123	1.7360337490201825	0.9528333333333333
79.74133691259495	2.3307124737728606	3.4308321834084734	0.9526666666666667
107.92520128742804	2.15090930331835	2.6446818958190708	0.9525
323.35269927205576	3.800743469835656	3.722351450454095	0.9523333333333334
1397.764119702761	4.624611113699961	0.9170386956251572	0.9521666666666667
1598.095041640907	1.8182856852692129	2.1780447482803043	0.952
2825.745269149546	4.184679617312414	0.047668867801942474	0.9518333333333333
465.06630285215493	1.1502270915579962	1.634264999766989	0.9516666666666667
147.6398166076352	2.6639209521418254	1.1586687712435606	0.9515
257.43107410597133	1.9562214104603064	1.7039444171338045	0.9513333333333334
555.4468272098775	2.614136461278834	5.589010117195783	0.9511666666666667
162.24352982206744	2.1645101503033644	2.1554929078474445	0.951
-21.184393999700994	0.6850178749500011	1.0954108908444362	0.9508333333333333
823.7470269209185	4.443863586025623	2.2810526527340036	0.9506666666666667
0.8485507163505868	1.8173691055754475	2.7232560904289924	0.9505
1075.0977470182302	4.054696457308735	4.1214483545383755	0.9503333333333334
834.9372462840159	3.059301081144885	0.962763744777521	0.9501666666666667
43.46263614195852	1.9142702914037306	2.397010806473216	0.95
3333.83868485078	2.011848859070313	-0.0015343250125168656	0.9498333333333333
123.7084109509147	2.5753228972581947	0.64046644277451	0.9496666666666667
1549.7183280242039	3.0499300542670347	2.7131298933687913	0.9495
-61.525367127710574	2.040979710103749	4.669972627446736	0.9493333333333334
200.8182015756079	2.3251439627409636	3.4458408449283295	0.9491666666666667
28.260156184416537	3.1857458761891295	2.820341695225785	0.9490000000000001
-5.813703785309588	2.3185839371809887	3.406080410494355	0.9488333333333333
136.99788716338702	3.3348053795475954	-0.044182962657947404	0.9486666666666667
39.34056713085183	3.594605099833801	0.6381426865839969	0.9485
357.47594605515263	3.0870909339286188	2.9519395346210775	0.9483333333333334
418.39393318604755	3.6899338434031965	2.299905801331019	0.9481666666666667
1958.7083075543019	1.8200402206162287	3.0813633282309	0.9480000000000001
1259.899694753098	5.700241143031242	2.2491416740949424	0.9478333333333333
1732.3271380966594	3.682147644843041	4.817763174455813	0.9476666666666667
263.71226932514895	3.187720999819386	2.6880678220451935	0.9475
55.653043118470194	4.890362273838876	3.043806510554569	0.9473333333333334
-0.45056899340954004	4.717807286113146	5.486208297674365	0.9471666666666667
22.533302430294484	2.2373348300630442	0.6606200883945811	0.9470000000000001
372.93342960214454	4.7376012292664536	3.349694359037126	0.9468333333333333
8.091998655643872	2.6643468583019647	1.217796010985715	0.9466666666666667
2304.95793034928	4.660681415062666	3.781690941617785	0.9465
336.6110645756841	3.126691121677071	1.160563001021626	0.9463333333333334
922.6336979251848	3.4145790890933236	3.221952100989656	0.9461666666666667
631.3054386192348	2.1143156630619	1.4429123663129697	0.9460000000000001
1031.500870699486	5.972772471990956	2.1997735523376334	0.9458333333333333
554.4174521422342	3.677702471276187	1.1060819703836162	0.9456666666666667
219.19009206145057	2.76560218958906	2.6060596495016193	0.9455
53.89210435664864	2.102941541364995	4.734375861372057	0.9453333333333334
36.33360573621606	5.890409838160551	3.2765477889987196	0.9451666666666667
28.412059872584557	4.134543813972514	1.232198595883772	0.9450000000000001
165.82820662886434	3.818970632113209	1.3126358027130625	0.9448333333333333
21.43137685564654	2.3331599178925564	0.8106603487351098	0.9446666666666667
280.412365239019	2.296410408520655	3.9396445672632905	0.9445
1086.0639982329592	1.8258744593106664	3.8817557455704255	0.9443333333333334
837.7619544088077	4.526827142562401	2.0853902673363853	0.9441666666666667
419.71723505267175	1.848354839616821	0.22298621581355904	0.9440000000000001
674.2876868621005	2.4537007193599156	2.9816162317806927	0.9438333333333333
1341.9991109690877	3.2016850940549664	2.85373003195718	0.9436666666666667
4.183601101897904	4.004110580349243	4.736386640078404	0.9435
304.31917819595816	2.814281611864858	2.0797370257441927	0.9433333333333334
368.1824636054148	5.786115144048681	3.3249995925652622	0.9431666666666667
433.5928428038552	2.847746375477435	6.307985613008978	0.9430000000000001
-11.66512078092742	4.272491348480775	3.3827108333149254	0.9428333333333333
1471.9077220212741	2.896953941976482	1.3124833728956742	0.9426666666666667
54.131549678123626	4.725637392399091	4.106581130712512	0.9425
698.130812892308	4.352691435762393	1.1582275715538202	0.9423333333333334
1111.707408726819	1.527375636289427	1.1120422206935245	0.9421666666666667
326.4451752286271	4.862900577393184	1.8969685026307888	0.9420000000000001
940.2676197828428	3.0899302737568863	3.802934139557937	0.9418333333333333
2598.0232495107603	1.6511473152029414	3.8162498718977487	0.9416666666666667
221.97266507693115	4.379080603706318	2.4926681864236677	0.9415
303.866064709343	6.127066432545629	4.5764894718960445	0.9413333333333334
1013.9002386826432	3.2264881710876514	6.188158271339012	0.9411666666666667
28.240077937156062	3.3647421629670538	3.1725343859555974	0.9410000000000001
11.305901282642271	0.5552161426343137	3.5418540573444117	0.9408333333333333
43.98823803129594	2.6461186606194804	2.6143540045251576	0.9406666666666667
0.8386263576049544	2.9679181490737667	0.49868218620878085	0.9405
491.49057885192093	1.674894682705903	0.7728882399215078	0.9403333333333334
337.2453857784949	4.066805348997518	0.27768088583860195	0.9401666666666667
327.47404027488	3.181963525653234	0.1025054754767566	0.9400000000000001
983.6877282071553	4.328267124134947	2.548200471734887	0.9398333333333333
1533.5084499338316	3.971932115016809	0.6458360558531557	0.9396666666666667
2.8122496853770427	3.9391069192530783	1.6020099374681938	0.9395
-18.412937715114783	2.3747979588916337	4.670486346760807	0.9393333333333334
32.73733405494241	3.339984395676702	3.4356198057261924	0.9391666666666667
5.428223645199568	4.461251349380607	2.217441700161183	0.9390000000000001
484.05784822582297	4.912660152071486	3.4177883820113015	0.9388333333333334
-2.5940303698543206	2.730408057865616	1.0182368785012146	0.9386666666666666
2263.664905500544	0.9214062666256476	3.9707741373774805	0.9385
122.15832588364995	2.1402583374847013	1.1652334601441368	0.9383333333333334
1597.8464496688357	3.415562198453749	4.043215476750444	0.9381666666666667
84.07119937284935	3.1677311568840016	0.09865677156410414	0.9380000000000001
1006.365654683189	4.3483880611261565	2.996663019698992	0.9378333333333333
497.1844008042847	5.027460327301176	3.9469449552860367	0.9376666666666666
1571.4726371402871	1.9839690814665285	2.949272585245835	0.9375
89.93100398020219	3.588455891883482	2.1971005425945465	0.9373333333333334
171.36318022919733	3.2216721104548167	5.61808807892416	0.9371666666666667
19.666246401142498	4.387347922282827	2.1545298714985783	0.937
-1.995184431988232	2.1908105086782497	1.8501771553581812	0.9368333333333334
80.2411848672148	2.8962756594939063	0.9482940478948272	0.9366666666666666
1.9657554687802823	1.128793200740679	3.4157218594815335	0.9365
716.6626519824885	2.8557519883040583	5.528038212853026	0.9363333333333334
356.2939454986442	4.205004434291456	0.8501693129916218	0.9361666666666667
1788.3650208631088	2.8378047891461287	2.6298788990376556	0.936
369.87469556842285	2.1156167155493897	2.557200109000748	0.9358333333333333
195.6775883991925	3.6631161350875114	2.812440556114095	0.9356666666666666
216.45027665504801	3.0629492176329705	1.7684158314557288	0.9355
34.85373155318021	2.4778597788559513	3.738752191781031	0.9353333333333333
56.349896926538015	3.518421291110813	3.5250101636566664	0.9351666666666667
-2.8754464118136642	2.2272738923723265	2.1532589299986915	0.935
102.06904894777537	2.3491491630125987	0.604846917485486	0.9348333333333334
744.1938377789604	2.635297141809799	2.6523267367502763	0.9346666666666666
1554.958112472357	2.1629513548634467	3.5910096701382477	0.9345
183.2127459693046	2.562181139971823	1.394730512361405	0.9343333333333333
1271.4804878802704	2.327054820333183	0.8366374774883922	0.9341666666666667
165.55051855417844	1.7821378752025954	2.460549419497305	0.934
1073.4123681335636	4.120282181344905	2.007593524322912	0.9338333333333333
2102.9425034081414	2.5395576776337205	0.7297562404574367	0.9336666666666666
319.52436397341273	4.5212613873147225	1.3421736625057612	0.9335
69.89127370822717	2.0439848732029016	8.372118319170555	0.9333333333333333
163.61598766151133	4.923999151807736	2.1849875920403923	0.9331666666666667
84.74517662642324	2.2104967523869044	5.689453806809894	0.933
81.21538091730955	3.695973186406145	6.3521800736054495	0.9328333333333334
892.2378334865214	2.5509129965711526	2.0464721768669976	0.9326666666666666
1.8622828448005977	2.3865828460807004	2.209677972239546	0.9325
144.28793939192107	2.8534261385981714	1.522005683839532	0.9323333333333333
722.7465639505318	4.57491220396856	3.9496497623234683	0.9321666666666667
1483.143236587198	1.867223523043285	1.459588325180132	0.932
2135.607982005883	5.373599524644456	2.961461021751511	0.9318333333333333
1332.9612507024895	2.990248937647917	1.7760268188686947	0.9316666666666666
378.66078151731244	3.5663039750957912	4.813146439462888	0.9315
691.1349989159638	1.6402117296888732	7.5590192637562	0.9313333333333333
18.732016346192943	3.224311154057259	2.1529559771563447	0.9311666666666667
807.5793851628582	3.170062317247384	2.9866883257452623	0.931
47.65045372749741	3.159731885957835	1.7138167782426224	0.9308333333333334
4.114184899428857	2.7617742166122494	1.9558909001474047	0.9306666666666666
279.66413560761475	2.1671017984636194	2.6451819145095437	0.9305
1048.1904692838884	2.0429551866963624	0.8875343915189443	0.9303333333333333
850.73592708998	1.5427741136671058	0.13185427588552212	0.9301666666666667
2271.5901578405515	2.3910903323642807	1.434185546937984	0.93
3172.943812379708	7.096514625947486	-0.0034234528210734592	0.9298333333333334
408.4484270287725	4.779780917202627	4.265375768243606	0.9296666666666666
1038.5407320332185	5.502901271853182	2.7004026631176146	0.9295
844.3792086679522	4.246247219840097	2.2450816326099607	0.9293333333333333
838.8094265867012	3.990581365623096	3.3145372556337156	0.9291666666666667
26.784615337842315	4.272528275152265	1.4103820242958045	0.929
15.661878653039164	1.4945907867623571	0.6035682427229212	0.9288333333333334
-15.80204954731305	2.8947322186812703	1.98817413531708	0.9286666666666666
621.6908238950973	2.4423821376458084	2.7020935275344744	0.9285
487.59251994348296	3.818271759209756	3.1890297842244975	0.9283333333333333
842.906262396647	3.480184996519184	0.06470464776921919	0.9281666666666667
2171.467657072326	1.4782038687615	1.4345928221479252	0.928
394.0573866645005	2.1905879730463376	3.3295153481028863	0.9278333333333333
138.37257483951828	0.9830215289684774	0.9103515616792828	0.9276666666666666
1526.1712314707224	3.208769817946773	2.7318898468119004	0.9275
333.50303141984796	1.7444512785440942	2.828164697556239	0.9273333333333333
402.7240998156409	4.007681222706841	3.4312624188175733	0.9271666666666667
554.2257258759936	3.2160221191049114	0.735137429722952	0.927
72.62496559784995	5.922881315326192	0.20106843233240032	0.9268333333333334
159.3570038201564	1.9713834876813223	2.350348683623919	0.9266666666666666
301.75216924300634	2.353446358138805	3.049496037266253	0.9265
1035.800423089471	2.650704753867742	1.6646098852992763	0.9263333333333333
2385.477223692125	5.13645005971465	2.846567870773004	0.9261666666666667
988.9440282137442	1.9057609513451148	0.11628988786086877	0.926
240.32470778081085	2.9396440606745324	2.9224466425601414	0.9258333333333333
870.7634724103425	3.648955240033401	1.2219810775148185	0.9256666666666666
231.73399726902838	4.896212760589741	1.8583356683483536	0.9255
106.1141443763926	4.390867637791098	2.5691288461990145	0.9253333333333333
22.918708332750903	4.254826814476811	5.329136166575229	0.9251666666666667
18.833019969498306	3.1672449510247533	2.0343913607992876	0.925
2449.3892200773776	2.1159971386143583	3.4468983553915815	0.9248333333333334
0.26214941820013354	2.517378138210831	2.1779159778948887	0.9246666666666667
79.79906099006494	3.2446345383696626	0.13429438016683456	0.9245
222.94237636934662	2.114496586454947	5.0207120030325	0.9243333333333333
145.54442709369275	3.0335921217456243	4.176646597554958	0.9241666666666667
138.31032645406378	2.85713615272141	2.6759711944752196	0.924
412.80423114565406	2.121824846739606	5.63508812671245	0.9238333333333334
398.2901394834158	2.9644755835217693	1.1240600018963898	0.9236666666666666
959.9966016997813	3.480347194440383	2.7867197873339467	0.9235
48.14921035337622	2.0442967307748323	4.581748026471224	0.9233333333333333
-7.1857751004640775	3.5413349405585928	6.390234443779961	0.9231666666666667
212.48168051941457	2.7840561272421995	6.3290207083671595	0.923
221.46012173410244	1.9625569157727014	1.5446666683399504	0.9228333333333334
769.8807729190135	2.88967499753039	2.1218611697103187	0.9226666666666666
84.1910757795697	3.261230674007156	2.96235823710237	0.9225
223.30713899907974	2.7482050390287283	0.6609616020716628	0.9223333333333333
999.2053549914999	1.6425446121603764	0.8998093778468048	0.9221666666666667
234.52623787443886	3.323543705621389	1.9171785040806457	0.922
1095.1545989151034	2.731028741874078	1.5269712285225594	0.9218333333333334
101.03108804520143	1.0508739610927664	1.369324243938155	0.9216666666666666
136.7868662118128	3.5348169674295953	1.847852030111821	0.9215
314.9416310137247	4.131534893911034	4.685093731200952	0.9213333333333333
33.52760474526795	4.120251222041239	3.301807346094992	0.9211666666666667
804.9655116146038	5.1080513310105555	2.5680603914466467	0.921
201.8696672490367	1.5431965899659463	2.2392786995034735	0.9208333333333334
-2.931584165139188	2.898539119049521	1.8199591340670724	0.9206666666666667
262.5312120930107	1.1076803238235455	0.12952923375119138	0.9205
336.42012055945634	3.119240938348991	1.1931982596055042	0.9203333333333333
120.17825012686099	2.176289644064399	2.3430842485115995	0.9201666666666667
2210.7938754216484	2.6196027393096384	0.09912979968265154	0.92
1102.3532080088519	6.148522383058757	1.6119490135494563	0.9198333333333334
133.80095432720108	3.6580314353254804	1.2438652273553679	0.9196666666666666
139.28654401269637	2.856132928670646	1.8232224760852689	0.9195
51.39499985993763	1.797636579498129	2.921536004595599	0.9193333333333333
47.14459239839345	4.14513300276542	1.018687214811349	0.9191666666666667
-13.352795153950682	2.0481503566542214	6.2836611292120255	0.919
81.6308101815721	3.8049534286894744	1.8121422542546974	0.9188333333333334
767.1319031194842	4.523412679786372	1.699574367572156	0.9186666666666667
601.6224570526618	4.6478637124233035	3.8424918043530076	0.9185
247.41669204709214	3.371848637076731	2.2306232385964857	0.9183333333333333
1142.239595776616	2.1318066114524385	2.0211015280068487	0.9181666666666667
335.90941068893693	1.871775345674363	2.6513078786255893	0.918
916.5143498905011	1.5575601377011703	3.638626936724092	0.9178333333333334
1609.5130889467446	2.3522701913619724	2.7413437674575234	0.9176666666666666
130.98462164925627	2.7035969310486405	1.7779306283152652	0.9175
168.94074071587818	1.953513671000592	2.9282788747100117	0.9173333333333333
136.0546475088779	4.079199743402653	5.498047476844135	0.9171666666666667
434.9761678213616	3.377061422364652	2.1482970777246804	0.917
102.47956781247825	4.894172748905702	1.9511469939312434	0.9168333333333334
55.2939854947964	4.229488738298235	2.1851153070465283	0.9166666666666667
781.2978345975137	2.1447064767545165	3.5547173249029687	0.9165
50.25667095638683	1.69619044487601	1.505413435065205	0.9163333333333333
132.47011138538792	1.626957992637678	2.0198729299409424	0.9161666666666667
601.4334305277512	2.253209753888562	1.4521540392862515	0.916
2111.4117986847828	4.20868304430387	2.9867870813755957	0.9158333333333334
141.62400368332868	3.5566410923934266	4.770095132422048	0.9156666666666666
22.29418689588169	5.3802889161531	1.6666273573533075	0.9155
85.37110347102976	2.8391568552088176	2.8360611377239655	0.9153333333333333
34.43155087973153	4.573784501320203	1.6659502638713881	0.9151666666666667
23.93174279617836	2.9769847350959897	1.7995714582841194	0.915
1120.4808288810368	1.693536850534891	1.7113467046153195	0.9148333333333334
87.60046880356172	2.8768861410242716	2.067990157087203	0.9146666666666667
4.804235670641951	4.6754325606904725	4.014328195466621	0.9145
819.543071168493	3.9433931508032423	1.216684290594121	0.9143333333333333
116.00120650371157	3.9665820954887727	2.2587044574823345	0.9141666666666667
2161.935525389004	4.995342513374213	2.513296451350527	0.914
516.1101565163959	4.231904123116386	2.06571234957694	0.9138333333333334
567.6045203404924	3.4847768600702618	1.5568874114695983	0.9136666666666666
311.25872116294676	2.93283101492553	2.6510888633935967	0.9135
303.93519659524975	2.319742984878708	7.393249363191056	0.9133333333333333
955.3248978573773	2.4130153870982527	2.015099330688228	0.9131666666666667
-25.135073716325522	2.0707869040132083	1.7524799596597316	0.913
7.753954474052533	0.518830894516151	6.534725322403789	0.9128333333333334
18.045815202828116	3.9567146922044047	2.6402641289233295	0.9126666666666667
617.4315658415729	3.480522816964863	1.5699007913499925	0.9125
409.97099952623626	4.029444679110442	0.8214735370212211	0.9123333333333333
339.318974006027	3.9506010242135887	2.7999762799276695	0.9121666666666667
460.7765113316034	1.7457211000447395	1.8758064767610754	0.912
2521.9857174078093	2.136520662659656	5.583330026875728	0.9118333333333334
275.8983717530431	2.624265833594343	0.6598438245099242	0.9116666666666667
796.0904223163052	2.8096722934248346	1.895973612931781	0.9115
233.30519882444156	2.310626752818371	2.9212478393467918	0.9113333333333333
960.4897962373727	4.066493272894246	1.1493430792107955	0.9111666666666667
-4.011290305721734	2.7114162240954447	3.033234172007493	0.911
228.73344658250093	4.295653898873455	1.820450441364899	0.9108333333333334
16.24895071223372	2.0019485194968993	-0.022592164054755143	0.9106666666666667
69.77852954112885	4.445425821264235	1.7112489186096185	0.9105
175.42612680951316	2.8913769071317974	1.8368666722048195	0.9103333333333333
1431.77329208455	3.250858401603062	1.0114151192186185	0.9101666666666667
2225.861922753742	3.249324605024375	2.375424746623517	0.91
136.9103839886146	4.593283834535188	4.23215951892158	0.9098333333333334
331.4264455403672	3.613153508616142	0.7148403971440003	0.9096666666666666
256.74183563713865	2.661136445164309	1.7433976134990423	0.9095
758.8965921896845	2.0764779306819126	4.219796778285862	0.9093333333333333
2.2710838191902587	2.217921823285494	3.303253895000443	0.9091666666666667
433.51201522939164	4.801143865666094	2.1333868176286237	0.909
983.9267191568708	0.5303937227512832	0.6465816031992315	0.9088333333333334
1644.7562392101365	2.5677585224096497	1.8365755494681653	0.9086666666666667
0.987769489007896	2.932889734775537	0.5905163429353477	0.9085000000000001
249.93901953533657	1.8416420136824176	0.59159631392558	0.9083333333333333
802.6520482655133	3.892005200202534	0.7505904641724991	0.9081666666666667
236.35632312218667	1.893973849294238	0.11295334875053423	0.908
2144.8964768979013	4.04111295036786	5.650243138731371	0.9078333333333334
416.26170273542346	2.725447369884563	3.5452776169786064	0.9076666666666667
1158.8953904494917	4.728608309054395	3.7129934321575933	0.9075
221.8289458343486	2.72159817277165	8.40309754585814	0.9073333333333333
34.439823415871	3.944500799120159	6.720043607767603	0.9071666666666667
484.9850362511876	2.879508330651371	2.536427494776819	0.907
77.02074673246645	5.791335375110492	0.1515591428722062	0.9068333333333334
103.00443673933216	2.6723129120878824	1.2352438812081985	0.9066666666666667
135.39044671047282	0.6715609679298256	0.8427518268063612	0.9065000000000001
2675.236512666013	4.075805845073944	0.3128578868661646	0.9063333333333333
335.594242739679	1.468283054377049	0.9045458294756388	0.9061666666666667
1810.844988653532	1.8651933455913319	2.4127391602205943	0.906
3167.78496096899	4.349105130780745	2.4699333080360287E-4	0.9058333333333334
837.6502067950989	2.3609301007346657	1.6194751119402964	0.9056666666666667
222.07750767591457	2.911177411802036	3.041883970054185	0.9055
812.3072738744319	2.03804869494348	2.0725590071710704	0.9053333333333333
29.64606831342869	3.321789334621355	3.3197746806514457	0.9051666666666667
149.56577760720646	3.4418012351950007	2.134181891706626	0.905
429.72307489842177	2.345917580833098	3.4929741458039265	0.9048333333333334
148.16215416863855	1.8745161828161485	0.5419067723067745	0.9046666666666667
0.9139985666566112	1.0896101287545408	2.692825180714075	0.9045
152.456485499294	2.2145362168267604	1.3242071236987705	0.9043333333333333
1404.440691265062	4.785058147681028	0.9164818068823418	0.9041666666666667
229.00992097892126	4.71314615646566	2.163979066307801	0.904
1381.239381053589	1.932361566704531	4.190055945267261	0.9038333333333334
1793.5424505017406	1.9799258910642863	3.9426259408009887	0.9036666666666667
136.40367041489918	3.7622129837239395	1.1681696619794668	0.9035
237.24142968742916	2.6667749277806267	2.9248253272714906	0.9033333333333333
185.14092510326503	2.3197035632626632	6.668889205575197	0.9031666666666667
420.7259657246223	4.069070448163112	1.0757269270858532	0.903
228.80947899243463	0.6664092686306631	1.8067701345996257	0.9028333333333334
182.68013093897858	2.673467127844545	1.3278297700856263	0.9026666666666667
253.10699773367497	0.629603552685949	1.9791779510295695	0.9025000000000001
547.4841712382741	2.2305530155113535	3.084289856173537	0.9023333333333333
286.5150180206451	4.193121403474052	0.5871200821195677	0.9021666666666667
2192.5830680424588	4.621136661155852	2.913905171722206	0.902
441.89473726453855	6.39821038788339	-0.034691501481029736	0.9018333333333334
841.5857824340435	4.942329442932808	2.200364904936193	0.9016666666666667
312.87658480745165	4.885446404929028	1.6734579937186913	0.9015
-23.448852444150663	2.3280388787511854	2.7063462930890965	0.9013333333333333
10.545646454478298	3.0085904994997916	3.325834367577442	0.9011666666666667
150.20801477068255	4.885864011455857	6.343934704230355	0.901
80.5258024245195	3.705807901132939	1.8130331412166212	0.9008333333333334
16.488699438383897	3.8951946684838723	2.0143459615319435	0.9006666666666667
81.30010200046324	2.116873695127624	0.6706008880269572	0.9005000000000001
101.32031451339299	3.0544916862960085	1.5861494942750884	0.9003333333333333
128.2005831273798	4.564674928927047	0.07009966180325453	0.9001666666666667
